1598357843.861,-0.057,-0.115008131428699,-0.248995934285651,0.269181813302728,-0.125090906651364,-0.638909079931137,297.143969702255
1598357844.111,-0.057,-0.117087721242871,-0.247912278757129,0.258297178178854,-0.114026014520261,-0.616585684850955,297.151837301805
1598357844.361,-0.056782258382387,-0.121217741617613,-0.243782258382387,0.255043381841088,-0.0863687456492485,-0.619297181799093,297.137195218285
1598357844.611,-0.0551164660057335,-0.123116466005734,-0.241650601982799,0.256039220625955,-0.0600849528305317,-0.622215688250382,297.123137246998
1598357844.861,-0.0557590362137955,-0.123759036213796,-0.239361445679307,0.264209153297396,-0.036119816994306,-0.625483661318958,297.110065354724
1598357845.111,-0.0537327575664463,-0.121732757566446,-0.244271560685206,0.268578833891274,-0.016606908576528,-0.635682508369109,297.106315335565
1598357845.361,-0.0521944446546902,-0.12,-0.260555557237522,0.269658747360274,-0.000948163276025343,-0.651881210404112,297.110634989441
1598357845.611,-0.0531902839205632,-0.12057085176169,-0.266619432158874,0.265209051479403,-0.0409612091932974,-0.659948276012675,297.130795259581
1598357845.861,-0.054,-0.123216450060069,-0.265,0.258204740933029,-0.106693969705425,-0.66425862096429,297.158273708647
1598357846.111,-0.054,-0.123436734384062,-0.264436734384062,0.251669525644076,-0.0487038333729845,-0.668553649570616,297.142566514969
1598357846.361,-0.054,-0.122599191307277,-0.267493934804579,0.245231755216687,0.0349871821830656,-0.672845496522208,297.117888394997
1598357846.611,-0.054,-0.124,-0.281117414886008,0.246047826763002,0.020186945028973,-0.682954354248515,297.129050007774
1598357846.861,-0.0543252038429966,-0.124,-0.287674796157003,0.249017362666234,0.0019153919115586,-0.688704974311818,297.137511919378
1598357847.111,-0.0543114743846552,-0.123311474384655,-0.288721314038362,0.265286344355065,-0.0148958891669003,-0.662132304220061,297.117446841962
1598357847.361,-0.052641433892081,-0.121641433892081,-0.300247020482137,0.270760854782365,-0.025021734443189,-0.652434804963252,297.105739136925
1598357847.611,-0.0523973214095649,-0.120602678590435,-0.320562499733908,0.24847824793457,-0.0179565176377904,-0.686130454342846,297.115521744809
1598357847.861,-0.0539349592314007,-0.1195325203843,-0.3285325203843,0.234086954358395,-0.011369562242793,-0.708586960578009,297.11549999378
1598357848.111,-0.055,-0.119,-0.328,0.229739128631996,-0.00539130186899419,-0.716739133815008,297.102999994817
1598357848.361,-0.0555040324480118,-0.122528227136082,-0.320943545727835,0.237081423662268,-0.0089498982614859,-0.701524000135386,297.104263050802
1598357848.611,-0.056,-0.128048387406892,-0.298124997596588,0.252217120143031,-0.0188663890592273,-0.670730686605557,297.114701462168
1598357848.861,-0.0549596774426137,-0.129479838721307,-0.271556451868751,0.258427975417494,-0.0598413485635898,-0.65992901843688,297.112645092184
1598357849.111,-0.052402438847101,-0.129,-0.264195122305798,0.260515658729831,-0.115164956340518,-0.658363255952627,297.104816279763
1598357849.361,-0.04982096002582,-0.13135807994836,-0.27937991972889,0.254518981942558,-0.134481018057442,-0.672987354257834,297.119202545144
1598357849.611,-0.049,-0.131127998352051,-0.304224014282227,0.24608016296967,-0.14291983703033,-0.692502123132639,297.140299592576
1598357849.861,-0.0496419757931587,-0.127432096827365,-0.319777782138428,0.259787757389019,-0.0996367278329421,-0.70120131761475,297.139183804545
1598357850.111,-0.05,-0.124012194235505,-0.336252038429966,0.276071584500213,-0.0520976290032711,-0.707809107999431,297.134809107999
1598357850.361,-0.0506788618713528,-0.123,-0.334853657543766,0.277698481827703,-0.0770433880247728,-0.703470715126126,297.130470715126
1598357850.611,-0.0524678109392155,-0.125201716408823,-0.30457940309412,0.280193057519392,-0.0920108503734535,-0.686876367286693,297.126240781579
1598357850.861,-0.053,-0.127451738155467,-0.24418916455864,0.286158350805296,-0.0670650784505791,-0.621258141141741,297.122444685851
1598357851.111,-0.0498869543583949,-0.128,-0.189978236531943,0.283808697094403,-0.0457760881734029,-0.579,297.120773912863
1598357851.361,-0.0465632650678033,-0.128812244977399,-0.188122449773989,0.266417394188807,-0.0311021763468057,-0.579,297.122947825726
1598357851.611,-0.046,-0.126542167082703,-0.203927719864685,0.258,-0.0253607590161461,-0.593424045571148,297.124272151803
1598357851.861,-0.046,-0.126,-0.232833348355639,0.258,-0.0279978899451738,-0.621377633418842,297.124799577989
1598357852.111,-0.0476991875355568,-0.124300812464443,-0.253292687820011,0.277666666666667,-0.0483333333333333,-0.638,297.122
1598357852.361,-0.0489260871368004,-0.122147825726399,-0.251369564315998,0.309387102629219,-0.0795161347880458,-0.647677421141118,297.117161289429
1598357852.611,-0.05181854993381,-0.12763709986762,-0.206842717703644,0.288623361516962,-0.097281390754724,-0.604350625049026,297.132861480838
1598357852.861,-0.0510637451069606,-0.130808764679118,-0.146888451524596,0.251285690547062,-0.110809532410485,-0.544285676097448,297.155047633153
1598357853.111,-0.0490975597936806,-0.132902440206319,-0.10780485618309,0.263466093696933,-0.111002187503424,-0.502080937626676,297.138540468813
1598357853.361,-0.047943089635762,-0.133028455182119,-0.0837154481788102,0.278181812692844,-0.115272762646115,-0.466727284315107,297.118636354488
1598357853.611,-0.046,-0.133911998748779,-0.074,0.268441555727231,-0.178043307535625,-0.487290049020291,297.102402592879
1598357854.361,-0.044,-0.133835497335078,-0.0668354973350783,0.267063043082774,0.00581956007606593,-0.491986955906538,297.119076087176
1598357854.611,-0.0441526108263069,-0.131694778347386,-0.0646947783473863,0.262171736605405,-0.0577674241297329,-0.484378256941741,297.121793479664
1598357854.861,-0.045,-0.129531999588013,-0.0631560001373291,0.269207273292289,-0.0675854534154213,-0.475950850130035,297.134583343819
1598357855.111,-0.045,-0.127,-0.0646695283712944,0.285767096210521,-0.034465807578957,-0.466869656916811,297.155416669426
1598357855.361,-0.045,-0.127227642205507,-0.0689105688220283,0.287322579884339,-0.0497419408096286,-0.481283874543608,297.146187093503
1598357855.611,-0.0454938271120421,-0.128,-0.0734814813361263,0.28194623480594,-0.0873763563584196,-0.506552696412082,297.123068809666
1598357855.861,-0.0467265301356066,-0.128,-0.0807346986439342,0.284995691508958,-0.0886724113213888,-0.514995691508958,297.129211211634
1598357856.111,-0.046,-0.127114753617807,-0.0921311497835667,0.289844829579525,-0.0822068938939664,-0.519844829579525,297.14160345337
1598357856.361,-0.046319672467535,-0.125,-0.107434431948095,0.278879645575405,-0.0258686871901406,-0.542770249536075,297.134586430384
1598357856.611,-0.047,-0.125,-0.133963583730778,0.269835143108048,0.0234685452948788,-0.56679610503658,297.128303688403
1598357856.861,-0.0476987960344012,-0.124301203965599,-0.180819298877231,0.275800436393952,0.0196724495674849,-0.593911074517965,297.130472885961
1598357857.111,-0.0493826089210005,-0.123765217842001,-0.226243485472017,0.274047816915278,0.0271347982253366,-0.623778277477739,297.133286958505
1598357857.361,-0.0513117414886008,-0.125,-0.252558707443004,0.253939122930682,0.06137392582073,-0.660191317936332,297.137634784231
1598357857.611,-0.0534512196658458,-0.125451219665846,-0.263707317995075,0.248204351138708,0.0703347764566856,-0.684708698649307,297.141239131223
1598357857.861,-0.054,-0.126,-0.274419358250007,0.259617393670506,0.0491391260404897,-0.695034784749505,297.143956522302
1598357858.111,-0.0544717743331013,-0.126471774333101,-0.290548389329621,0.258453386883237,0.0569872966306698,-0.698347457280381,297.141084743682
1598357858.361,-0.0555219298108022,-0.126478070189198,-0.306307017351231,0.249449147375551,0.0829406928587051,-0.697288134985359,297.134728809912
1598357858.611,-0.0571325300512648,-0.126,-0.318096385230692,0.239939648753929,0.024103388370003,-0.704452592981964,297.135745692151
1598357858.861,-0.0591314741111544,-0.126,-0.32596015938904,0.230241372612795,-0.0664138556139099,-0.714689662242049,297.139517243984
1598357859.111,-0.06,-0.125426829256473,-0.334158536691739,0.242240785591456,-0.0302385948308186,-0.707488066405492,297.131488066405
1598357859.361,-0.0606331880957215,-0.125,-0.339899564287164,0.256545456422028,0.0229090912844056,-0.698848481345548,297.122227271789
1598357859.611,-0.0623495942523689,-0.127699188504738,-0.341,0.240311686435115,0.019662337287023,-0.729151518654452,297.130344156782
1598357859.861,-0.0636967217439736,-0.131090165231921,-0.341696721743974,0.228457885654876,0.0167084228690248,-0.751472998198215,297.135736499099
1598357860.111,-0.0647183674660984,-0.133436734932197,-0.341281632533902,0.236557236672377,0.0150885526655245,-0.737434123101212,297.128717061551
1598357860.361,-0.0657418033828085,-0.136225410148425,-0.338774589851575,0.239682608402699,0.0134652173236998,-0.730317391597301,297.12738695695
1598357860.611,-0.066,-0.13471951223058,-0.331918699281546,0.232617391597301,0.0118347826763002,-0.737382608402699,297.13771304305
1598357860.861,-0.0667732793561347,-0.133226720643865,-0.322267206438654,0.225295011207226,0.0207917560951895,-0.729355749508423,297.134796096245
1598357861.111,-0.0677886177443475,-0.132211382255653,-0.31053658706783,0.217702819752438,0.0408568335114146,-0.705494576364804,297.117984815166
1598357861.361,-0.0671502140652756,-0.133699571869449,-0.296952782848583,0.220193549776425,-0.00324302446072527,-0.695615053392953,297.115116129866
1598357861.611,-0.0678634541767284,-0.134,-0.284638549879259,0.228258067394023,-0.0828129316210262,-0.693464515361594,297.119954840436
1598357861.861,-0.068,-0.132251011348532,-0.276004045394129,0.233379312152103,-0.0864827513915887,-0.679905165410601,297.123956898133
1598357862.111,-0.068,-0.132876000404358,-0.269743997573853,0.237689657103718,-0.0692413715851291,-0.663202578723094,297.127728449966
1598357862.361,-0.0670352418373145,-0.131070483674629,-0.267070483674629,0.232945532535558,0.0295512220637383,-0.654923745549781,297.131538127225
1598357862.611,-0.0679201524428385,-0.130079847557162,-0.265159695114323,0.229355895472701,0.123141921018891,-0.649958515682791,297.134497816492
1598357862.861,-0.0680080648882702,-0.133,-0.26401612977654,0.244093888518999,0.10294541202952,-0.671246727860776,297.129039300549
1598357863.111,-0.0689838058751362,-0.133016194124864,-0.265967611750272,0.252889608043894,0.0643636100916106,-0.686015150420484,297.125281385594
1598357863.361,-0.068,-0.134,-0.263855372450422,0.244772723050437,-0.026545501835101,-0.682227270756871,297.126363636927
1598357863.611,-0.0679399995803833,-0.134,-0.258699997901917,0.246479400074991,-0.0534121169336592,-0.672180034392253,297.128117137944
1598357863.861,-0.067,-0.134,-0.254,0.26220607424072,0.0111214770567472,-0.653199565571545,297.13082863349
1598357864.111,-0.067,-0.134265060356326,-0.254132530178163,0.261884531616442,0.00373202627279976,-0.642525054475284,297.133237472762
1598357864.361,-0.0668623475255142,-0.135862347525514,-0.255275304948972,0.249357295013207,-0.0583594942823677,-0.638167754787202,297.135416122606
1598357864.611,-0.066,-0.134850201835146,-0.256850201835146,0.250672342381233,-0.0274978524574613,-0.636610638134897,297.129770210158
1598357864.861,-0.066,-0.1341739128632,-0.2561739128632,0.257055320716088,0.0373957606135575,-0.636078723273659,297.121259572379
1598357865.111,-0.0657560976082528,-0.135,-0.257,0.256628755219882,0.0022060038494873,-0.638285407966863,297.116343347253
1598357865.361,-0.0647377043413686,-0.135,-0.256475408682737,0.255019313436471,-0.0503690944086248,-0.640967810939216,297.112051502497
1598357865.611,-0.0637142851582077,-0.134714285158208,-0.254142855474623,0.24908060887655,0.0162658082210281,-0.646381264657682,297.120610023452
1598357865.861,-0.0623999996185303,-0.134,-0.251099999427795,0.245734787341011,0.0654912811369456,-0.651660871368004,297.126017385896
1598357866.111,-0.0606951218212074,-0.133390243642415,-0.247475609106037,0.257147829872809,0.00951302490955643,-0.656008697094403,297.112973908717
1598357866.361,-0.0596580085954562,-0.132683982809088,-0.241948051572737,0.25942856523588,-0.0367662423984708,-0.654610384731299,297.109909097477
1598357866.611,-0.0586032386319213,-0.134,-0.237206477263842,0.241571418250276,-0.0616580230450704,-0.640541117409308,297.128848495795
1598357866.861,-0.0575910927969591,-0.134817814406082,-0.236,0.233263618164686,-0.100777810559603,-0.631483658202376,297.13293463281
1598357867.111,-0.0565755100452022,-0.135575510045202,-0.237273469864393,0.235986929055167,-0.156333352725399,-0.6282156851338,297.119862740535
1598357867.361,-0.0555361701436904,-0.135927659712619,-0.240391489568929,0.244867103749975,-0.16092374451092,-0.628368191956517,297.115684095978
1598357867.611,-0.0544959347702411,-0.136495934770241,-0.244520326148794,0.257394333846184,-0.135324622140406,-0.630546840668902,297.116773420334
1598357867.861,-0.0534859438404722,-0.134971887680944,-0.250598393116695,0.257461538696665,-0.121115385438329,-0.639461537677782,297.114884615581
1598357868.111,-0.0535243904330111,-0.132951219133978,-0.255573171299033,0.254256410047409,-0.10989743516593,-0.650145299841971,297.11221367504
1598357868.361,-0.054,-0.131459349156183,-0.256459349156183,0.251025861736746,-0.0757887893936615,-0.642077585210237,297.117948276527
1598357868.611,-0.052886178412656,-0.130443089206328,-0.255443089206328,0.248,-0.0398039165067253,-0.634185187917005,297.123337689105
1598357868.861,-0.052,-0.13,-0.254389610108124,0.248,-0.00549018146308017,-0.652703711591354,297.112989102346
1598357869.111,-0.052,-0.129352226318131,-0.255295547363737,0.245884274374906,0.0212489088970698,-0.663390820992487,297.106493453382
1598357869.361,-0.052,-0.128331966660478,-0.256668033339522,0.236604802102247,0.0223406115173827,-0.647561132997951,297.113043669104
1598357869.611,-0.052,-0.124536884985602,-0.254922130991361,0.238071428571429,-0.00914285714285714,-0.638857142857143,297.1185
1598357869.861,-0.052,-0.124422764921041,-0.251154470157918,0.255928575557033,-0.090311707077421,-0.641021645522065,297.122287879664
1598357870.111,-0.0512723573099024,-0.125,-0.250727642690098,0.264298475056436,-0.116851848081172,-0.634836598645534,297.123104574831
1598357870.361,-0.051,-0.123512194720096,-0.250256097360048,0.264843137234532,-0.0983333340259071,-0.621764706371228,297.121470588296
1598357870.611,-0.051,-0.122197424875137,-0.248394849750274,0.265,-0.0709434719668867,-0.633865221918555,297.122160869896
1598357870.861,-0.051,-0.12365182197177,-0.247174089014115,0.265,-0.0399651976102155,-0.656147840315459,297.123791305389
1598357871.111,-0.051,-0.124,-0.247,0.254663789887563,-0.0266034453523301,-0.651012928549481,297.125409483197
1598357871.361,-0.0501469387556503,-0.122293877511301,-0.247,0.243103224496514,-0.016180642868899,-0.641991397958624,297.126956989793
1598357871.611,-0.05,-0.120274193005681,-0.248725806994319,0.249554838590592,-0.0274709675335363,-0.641453763450784,297.124268817254
1598357871.861,-0.05,-0.120947369081492,-0.249947369081492,0.257289132260104,-0.0365760866184992,-0.643797828317905,297.123102174792
1598357872.111,-0.05,-0.118085713868656,-0.25,0.271963044086701,-0.0338586955394997,-0.661732609439302,297.130167391597
1598357872.361,-0.05,-0.118,-0.252963414385941,0.279429501017287,-0.0325140997965426,-0.673485900203457,297.136028199593
1598357872.611,-0.0509879999160767,-0.117012000083923,-0.251024000167847,0.271295010172872,-0.0341409979654257,-0.671859002034574,297.139281995931
1598357872.861,-0.05,-0.116,-0.25,0.269047723024823,-0.00428415462764808,-0.663577004035015,297.136392623194
1598357873.111,-0.051,-0.11804838745341,-0.24895161254659,0.273386118141845,0.0607917721276765,-0.647850321735811,297.126631234181
1598357873.361,-0.0510350882880094,-0.12,-0.246789470271943,0.283873915973007,0.0529173807129752,-0.639952173236998,297.125047826763
1598357873.611,-0.052119047573995,-0.120119047573995,-0.239214286390076,0.298004349583804,0.00183042842778509,-0.636691303942199,297.128308696058
1598357873.861,-0.053,-0.120886178412656,-0.224292676189839,0.281686266514647,-0.016296299316689,-0.623982565831336,297.119986924374
1598357874.111,-0.053,-0.12,-0.209199130133225,0.257176455769186,-0.0255555611538631,-0.608732016923049,297.108549012692
1598357874.361,-0.0532056455179256,-0.119794354482074,-0.197383063446223,0.259522200648619,-0.0436110032430972,-0.611019029127388,297.110515857606
1598357874.611,-0.0542154472096282,-0.119646341628885,-0.196077236048141,0.261712437568622,-0.056332586186255,-0.615062239005887,297.113225323425
1598357874.861,-0.0554615393525445,-0.122923078705089,-0.201384618057634,0.240253213789801,0.0214571000119721,-0.632766098623414,297.116980687587
1598357875.111,-0.0572439023917472,-0.126243902391747,-0.206731707175242,0.225241831823955,0.0754596882896968,-0.638993457771591,297.118505445451
1598357875.361,-0.0582580648882702,-0.12751612977654,-0.210032259553081,0.23667974350517,0.0318866914088776,-0.598143773195823,297.110880170997
1598357875.611,-0.0592907488339021,-0.128709251166098,-0.213,0.2404705831021,-0.00443138481164937,-0.579647069945449,297.107764708449
1598357875.861,-0.0607235776770259,-0.128,-0.211191055807435,0.230666663896372,-0.027851858469779,-0.600888894891195,297.112666668052
1598357876.111,-0.0623811479454491,-0.128762295890898,-0.207237704109102,0.23277586443437,-0.00568533319768138,-0.612976293793358,297.117823276848
1598357876.361,-0.0633975905344888,-0.130397590534489,-0.206397590534489,0.245706899289215,0.0578922548386384,-0.616747845626021,297.123211208037
1598357876.611,-0.064,-0.131400000572205,-0.207800001144409,0.241631807524052,0.040797382175021,-0.615816993267144,297.129729847921
1598357876.861,-0.0644048589131394,-0.131595141086861,-0.211024294565697,0.229104577427843,-0.016392146525063,-0.612549020198568,297.136810456236
1598357877.111,-0.0658995643917309,-0.131899564391731,-0.216698693175193,0.234234783834591,-0.0472521775141121,-0.618330435855267,297.121269562383
1598357877.361,-0.067496000289917,-0.132503999710083,-0.221984001159668,0.242930439794359,-0.0727956668959287,-0.625939134820064,297.101160857976
1598357878.611,-0.154,-4.47681451622207,-0.212532257630351,0.0113167035155088,-3.87481561873731,-0.355308025289942,297.119498915222
1598357878.861,-0.154,-4.47677419348636,-0.194129031606817,0.0117625293153645,-3.88523311473962,-0.347540304438275,297.112150327891
1598357879.111,-0.154,-4.47474796738512,-0.179739836925603,-0.0100239691250451,-3.89285838919377,-0.353531591509387,297.100712416209
1598357879.361,-0.154,-4.4726260871368,-0.173252174273601,-0.0183622555950794,-3.86793924618349,-0.353767894582778,297.100145338632
1598357879.611,-0.15327049178726,-4.472,-0.172,-0.017277656815824,-3.82021689989625,-0.349971798855384,297.107195230697
1598357879.861,-0.154495934770241,-4.47648780431072,-0.164520326148794,-0.00322221748963477,-3.8493333475311,-0.327522868439725,297.111026144487
1598357880.111,-0.153477732957655,-4.47952226704234,-0.148299596618896,0.0152962965656305,-3.90488888969689,-0.298655773000635,297.113749455377
1598357881.361,-0.233218623098805,-8.8157813769012,-0.0912955425374496,-0.176200014944171,-7.7230000063906,-0.022799998820197,297.113799999312
1598357881.611,-0.232107999801636,-8.81689200019837,-0.0782959976196289,-0.237116182591086,-7.73912447975766,-0.0127717834011161,297.113439834413
1598357881.861,-0.230043858575909,-8.81797807071204,-0.0691754343036345,-0.237634854925719,-7.69503733131386,0.0105684716573657,297.12433195344
1598357882.111,-0.229008096579803,-8.8189919034202,-0.0660242897394094,-0.238813187843906,-7.66448791270634,0.0235846110555966,297.130861537019
1598357882.361,-0.228011952266922,-8.81801195226692,-0.062047809067689,-0.241560439612263,-7.66613626376736,0.0120461536284937,297.127015384543
1598357882.611,-0.228,-8.81998393689659,-0.0590240946551115,-0.241956140378396,-7.65812719321636,0.0120021928242258,297.122651315851
1598357882.861,-0.226844897450769,-8.81484489745077,-0.0585428589223086,-0.239763157206779,-7.63948683625762,0.0246118460610205,297.117717103715
1598357883.111,-0.225971665859069,-8.85410146583861,-0.0655829995154412,-0.235102171682095,-7.65426088173403,0.0566391462542371,297.115645651971
1598357884.361,-0.309235772665025,-13.1724715453301,-0.0815934993152736,-0.467,-11.6227863046917,0.278162379294271,297.106239320202
1598357884.611,-0.310253061490613,-13.1747591844718,-0.0910122459624525,-0.467,-11.5848589683306,0.251987175326743,297.113717949907
1598357884.861,-0.310727641720917,-13.177,-0.0948170748372503,-0.469532748982166,-11.5674104683468,0.227292578674236,297.121397378749
1598357885.111,-0.309710203823454,-13.1764204076469,-0.0984489808827322,-0.485362445217078,-11.6574759814075,0.21037117925071,297.130131004258
1598357885.361,-0.309,-13.1746910567766,-0.102,-0.494754880340758,-11.7187114969481,0.206114969481385,297.127995659333
1598357885.611,-0.309,-13.1736707812672,-0.10364609366415,-0.490958784613364,-11.7208806945066,0.227806945066493,297.1035921868
1598357885.861,-0.309,-13.1726491932228,-0.109806454217891,-0.486106520747598,-11.71542391079,0.233213041495195,297.098102176347
1598357887.111,-0.394,-17.5194796748204,-0.0885203251796135,-0.73681039864718,-15.5813448103108,0.538250009634372,297.104129308684
1598357887.361,-0.3935,-17.521,-0.092,-0.743038545187212,-15.58,0.510970003675832,297.111644544452
1598357887.611,-0.393514056159528,-17.522,-0.0970281123190557,-0.744049562291223,-15.5801810357541,0.485493544970935,297.118954741062
1598357887.861,-0.394,-17.5214292033438,-0.0940044234063922,-0.732734906793234,-15.5823362082299,0.503273717896346,297.118415947943
1598357888.111,-0.393380566277957,-17.5228583011661,-0.0854250965016173,-0.726613543419233,-15.5883559056987,0.517871181139745,297.117875545551
1598357888.361,-0.392365853233043,-17.524634146767,-0.0756585323304248,-0.738076420932518,-15.6074607015542,0.521692140310839,297.117329694241
1598357888.611,-0.391354838120453,-17.5224193524818,-0.0642580574454401,-0.735765728128326,-15.6202885030519,0.521208243387633,297.119577006104
1598357888.861,-0.391,-17.5190481911791,-0.052843367656662,-0.712446854374335,-15.6235422993896,0.514158351322473,297.126084598779
1598357889.111,-0.390291303942199,-17.5172913039422,-0.0433304315375924,-0.7113,-15.6058,0.5956,297.1233
1598357890.361,-0.476,-21.8671821855939,-0.015,-0.989042737045667,-19.3825299393663,0.806042737045667,297.125025642227
1598357890.611,-0.476,-21.8661799993515,-0.0133599987030029,-0.994384618127762,-19.4487692647842,0.811384618127762,297.128230770877
1598357890.861,-0.476,-21.8677903937132,-0.013,-0.997537628079444,-19.5068043045563,0.813879560715194,297.128513967735
1598357891.111,-0.476,-21.868,-0.0166599204820882,-0.986784943435852,-19.5127182811103,0.798288167981985,297.110234403841
1598357891.361,-0.476,-21.8689196788148,-0.0188393576296796,-0.978548034842433,-19.5142882090546,0.787301310105045,297.101519651576
1598357891.611,-0.476,-21.869,-0.019,-0.976910480059511,-19.5044628803571,0.788393013293659,297.117895199405
1598357891.861,-0.476008097545061,-21.870129560721,-0.0230647803604851,-0.975759218938608,-19.5042971833506,0.794056402289232,297.118572662851
1598357893.111,-0.561,-26.2217279987335,-0.0252720012664795,-1.21893899807032,-23.380135067539,1.03891502894527,297.099159036664
1598357893.361,-0.561,-26.2204096403423,-0.0274096403423268,-1.22090967784277,-23.3818193556855,1.04802580867454,297.100864516764
1598357893.611,-0.561141129431535,-26.2228588705685,-0.0305645177261396,-1.223,-23.3856094436301,1.05853433663589,297.104075106994
1598357893.861,-0.562,-26.222,-0.0352869626512144,-1.223,-23.3716609410374,1.04190342969847,297.106757511339
1598357896.111,-0.648,-30.5751626004677,-0.0284878014031803,-1.46363044086701,-27.282543480289,1.28794564575149,297.100228275405
1598357896.361,-0.647563265067803,-30.5735632650678,-0.0188857109492461,-1.47341304875141,-27.2858043495838,1.27761955965129,297.123597838684
1598357896.611,-0.647,-30.5743658545568,-0.00599186662505645,-1.47652146022657,-27.2471695125108,1.31532619544385,297.137607301133
1598357896.861,-0.647,-30.5754978351404,0.0065281431748866,-1.47916344134979,-27.2088365586502,1.353,297.14791612279
1598357897.111,-0.647,-30.575,0.0162926851961334,-1.48131397938115,-27.2066860206189,1.353,297.12049676289
1598357897.361,-0.646441766518381,-30.5744417665184,0.0206747004448564,-1.48020688926947,-27.1988318804701,1.3467155008563,297.101909490344
1598357897.611,-0.646,-30.5734354837779,0.0225645162220676,-1.46727585441462,-27.1702758451656,1.3176206724329,297.115379318318
1598357897.861,-0.646,-30.573,0.0207004053116189,-1.45624288383173,-27.1730722450004,1.30490810607487,297.12163675757
1598357899.111,-0.730251081656834,-34.953,-0.0164978366863319,-1.7068304346474,-31.0399478236532,1.5851347811214,297.118356522821
1598357899.361,-0.730783673687847,-34.9537836736879,-0.016216326312153,-1.71383585466657,-31.009732173956,1.58016414533343,297.106062632534
1598357900.361,-0.731,-34.9552105255537,-0.00363157955700473,-1.70779613731271,-31.1919120179315,1.57259871243757,297.124414163187
1598357900.611,-0.730142275910595,-34.9542845518212,-0.00042682773178471,-1.71357692107835,-31.1613076904267,1.57286538467417,297.120134615326
1598357901.861,-0.814012000083923,-39.3,0.0409759998321533,-1.934,-34.9890692270695,1.85511688705769,297.100523804707
1598357902.111,-0.814986842008949,-39.300013157991,0.039,-1.93093246055186,-34.9566318059658,1.85876688486203,297.098917212155
1598357902.361,-0.814100806777236,-39.3008991932228,0.039,-1.9265751631271,-34.9490065354724,1.85985620921823,297.101640523046
1598357902.611,-0.814892430445396,-39.3,0.0391075695546036,-1.9274152173237,-34.976304346474,1.8675478257264,297.108604347511
1598357902.861,-0.814104000091553,-39.3002080001831,0.0403120002746582,-1.92938559163433,-35.0071694949414,1.87568856060304,297.11594067821
1598357903.111,-0.814885462453275,-39.302,0.0431145375467253,-1.94315678146962,-34.9775084706808,1.86456567650531,297.11382203362
1598357903.361,-0.814,-39.3023920001984,0.0449800004959106,-1.95432403279329,-34.9525257522719,1.85665236428306,297.112826182142
1598357903.611,-0.814196000099182,-39.3045880002975,0.0493920001983643,-1.94949570744306,-34.9562811164332,1.86845493736141,297.118727468681
1598357905.111,-0.900258064174999,-43.660258064175,0.0631129037375011,-2.17780993252704,-38.8798423404565,2.10595248313176,297.117857449395
1598357905.361,-0.899,-43.657489958655,0.0672650620175377,-2.1772521742736,-38.8479086908748,2.113130435684,297.125163044605
1598357905.611,-0.899384615533117,-43.655,0.0736923087318158,-2.1816,-38.7903,2.124,297.13875
1598357905.861,-0.900429824919142,-43.6545701750809,0.0822982491914157,-2.18645098159398,-38.7934074096775,2.13637473074016,297.14
1598357906.111,-0.901,-43.654,0.0889756105598086,-2.19049568611371,-38.7992844636892,2.1472629258585,297.139456892738
1598357907.611,-0.986,-48.0102868859988,0.0687827850030779,-2.4458340622106,-42.887462872028,2.34907423355966,297.112165937789
1598357907.861,-0.986,-48.011,0.0656747961570034,-2.45183842974798,-42.8312401578144,2.33651964689059,297.106161570252
1598357908.111,-0.985318366802776,-48.0096367336056,0.0663632663944477,-2.44568830959727,-42.8040735913311,2.34966234210579,297.102614718266
1598357908.361,-0.985710744200618,-48.009,0.0684214884012366,-2.43270130030979,-42.7932510835915,2.3772597368417,297.100450216718
1598357908.611,-0.984524589363012,-48.010475410637,0.0712131159554822,-2.43472451119016,-42.7815509776197,2.38257049898271,297.115032535605
1598357908.861,-0.984746988170995,-48.011746988171,0.0749879526839796,-2.44068980447606,-42.7696203910479,2.38202819959309,297.134013014242
1598357909.111,-0.985,-48.012,0.077496000289917,-2.4471826078844,-42.779304346474,2.3928195637977,297.129332609439
1598357910.611,-1.0719395166446,-52.3601209667108,0.0898790332892066,-2.68151965626075,-46.7448035087098,2.65327074827524,297.093947583305
1598357910.861,-1.072,-52.36,0.09,-2.68778947539034,-46.7349298035191,2.65710526230483,297.098105278513
1598357911.111,-1.0729552848956,-52.3619105697912,0.0880894302087907,-2.69107894842788,-46.6943596360562,2.65546052578606,297.127710535851
1598357911.361,-1.074,-52.363,0.0837166004017402,-2.68339130186899,-46.700217396262,2.63660869035649,297.127391301869
1598357911.611,-1.07404032255739,-52.363,0.0737983872130684,-2.6714347811214,-46.7241304377572,2.61106521421389,297.115434781121
1598357911.861,-1.0749510200904,-52.363,0.0690489799095956,-2.6733478262447,-46.6873043459557,2.612782608921,297.120217391597
1598357912.111,-1.074,-52.3630688257546,0.0698623484907717,-2.67715250534364,-46.6455250534364,2.6223790820103,297.126673202835
1598357913.361,-1.15879116453558,-56.7192088354644,0.0625381517490727,-2.91868240501886,-50.7050085810209,2.84890343435253,297.114718884078
1598357913.611,-1.158,-56.7195708503822,0.0550688267198717,-2.92044444352101,-50.6913703727174,2.83781481519958,297.123037036441
1598357913.861,-1.15822672064387,-56.718,0.0461862348490772,-2.9465882416495,-50.6249215524742,2.82692156597937,297.139921572732
1598357914.111,-1.159,-56.718,0.038212120336387,-2.95321132815219,-50.6145947752581,2.82822875971465,297.137982568438
1598357914.361,-1.15931200027466,-56.7176879997253,0.0311279983520508,-2.94885403072742,-50.6358366002038,2.83639869238609,297.125455338341
1598357914.611,-1.16,-56.7166867468034,0.024807227623609,-2.93797180092409,-50.6195075931927,2.82709978361314,297.120819956723
1598357914.861,-1.16,-56.7166869564316,0.0175956524894007,-2.92549891496265,-50.5940195218802,2.81354229887245,297.118108459774
1598357915.111,-1.16,-56.7187983872131,0.0106048383607947,-2.930217391079,-50.6342173895241,2.8150869564316,297.12791304305
1598357915.361,-1.16,-56.7195877550226,0.00493877511300548,-2.93715217279757,-50.6606521797946,2.81836956450754,297.136608695855
1598357916.611,-1.246,-61.0613603238632,0.000453441287730709,-3.21178447987495,-54.3746120831978,3.06301723858866,297.110206895435
1598357916.861,-1.24655645186875,-61.06,-0.00278225934375261,-3.20418260642414,-54.3667826129547,3.06629565160603,297.117630435492
1598357917.111,-1.247,-61.0605622492536,-0.00893574477537912,-3.17809563854484,-54.4156956777284,3.05977390963621,297.125782612955
1598357917.361,-1.247,-61.062231442121,-0.0144628842419794,-3.18646406217373,-54.4123463945821,3.04094988016742,297.118483654047
1598357917.611,-1.24633877511301,-61.062338775113,-0.0179836746609836,-3.20770588711948,-54.3894705831021,3.01752940650929,297.105411761773
1598357917.861,-1.246,-61.0613127570603,-0.0183127570603287,-3.21096746232624,-54.3758741832482,3.00967895720567,297.100613881858
1598357918.111,-1.246,-61.061,-0.0172897954854205,-3.2119478257264,-54.3631652116224,3.00433913277841,297.097704352694
1598357918.361,-1.24526639346265,-61.0632008196121,-0.014799180387938,-3.2108608692948,-54.3457739087168,3.0114043495838,297.11237826452
1598357918.611,-1.24574898768621,-61.0632510123138,-0.0162469630586307,-3.208304346474,-54.3295130414952,3.01993913277841,297.12117391079
1598357919.861,-1.333,-65.4158911291912,-0.019564516764774,-3.43996112284323,-58.1999632840585,3.26034341076529,297.122539957764
1598357920.111,-1.33482040941841,-65.4178204094184,-0.020910204709207,-3.43725,-58.22045,3.2596,297.1134
1598357920.361,-1.33407692322542,-65.4189230767746,-0.021,-3.434532608921,-58.2459934761426,3.2682956514528,297.093834784231
1598357920.611,-1.334,-65.419,-0.0228629034971596,-3.43793260992267,-58.2383282569158,3.26868913002577,297.100923916452
1598357920.861,-1.336,-65.419,-0.0240607301400685,-3.44282391640004,-58.2225673804887,3.26705869453332,297.114510878889
1598357921.111,-1.33603265359744,-65.4188693856102,-0.0275224575590816,-3.44247948132894,-58.2240820746842,3.2623153319605,297.117082074684
1598357921.361,-1.3371052632595,-65.4153157897785,-0.0423684204429953,-3.44315652644891,-58.2293478397205,3.25879130757031,297.119182609439
1598357922.611,-1.256,-61.0716275303018,-0.012765181811074,-3.25096980099756,-54.309758609403,3.03703017382462,297.118857759163
1598357922.861,-1.256,-61.0702024795546,0.0016570297560346,-3.20890558216588,-54.3079399185284,3.04865236223655,297.117527896504
1598357923.111,-1.256,-61.0712289162395,0.0234337435919041,-3.23304720891706,-54.3460300407358,3.06367381888173,297.113236051748
1598357923.361,-1.25576131654134,-61.072,0.0373868345865842,-3.22022221968278,-54.4004335567751,3.07149019652657,297.112387799614
1598357923.611,-1.25526000022888,-61.072,0.0463000011444092,-3.19244443417126,-54.4614357524082,3.07639215867566,297.112932462075
1598357923.861,-1.256,-61.0725676858623,0.0517030575869134,-3.20617647437702,-54.4184248254454,3.07127450854099,297.107751632829
1598357924.111,-1.256351020432,-61.073648979568,0.0588081634559616,-3.2245869569499,-54.3640217380713,3.0656086950212,297.102021739108
1598357924.361,-1.25663008105261,-61.073,0.0665894326317432,-3.2142608708497,-54.3895652142139,3.0808260850636,297.102565217324
1598357924.611,-1.25638000011444,-61.0726199998856,0.0732800006866455,-3.206,-54.415965287597,3.09603687368572,297.105494574813
1598357925.861,-1.169,-56.7165121956893,0.0815203261487945,-2.9456738147887,-50.6185279046899,2.88690987472283,297.109768238762
1598357926.111,-1.169,-56.718,0.0860728750097732,-2.94265517376039,-50.6051379246381,2.88239654919927,297.11300862212
1598357926.361,-1.16794354765057,-56.7174717738253,0.0874717738252833,-2.95127586366362,-50.5641896475978,2.86623275563071,297.122168105143
1598357927.111,-1.16373092291032,-56.718,0.0811927687309516,-2.95303930156919,-50.4598122522114,2.87272488901568,297.109157206277
1598357927.361,-1.163,-56.718,0.0770609740850689,-2.95659740072083,-50.5433896173329,2.86619480505406,297.111831169676
1598357929.111,-1.07019028313898,-52.371190283139,0.048761132555915,-2.68200847749572,-46.6915169605478,2.59460169105405,297.097838983145
1598357929.361,-1.06912121162079,-52.371,0.0488787883792074,-2.68099999897233,-46.7102499998716,2.59100000051383,297.094249999358
1598357929.611,-1.06810483874069,-52.3692096774814,0.0516854837779325,-2.6723793090691,-46.7091724136336,2.59531034546545,297.088862068168
1598357929.861,-1.068,-52.3698959999084,0.0582719993591309,-2.68381046341001,-46.7163202648057,2.60515033100715,297.092575165504
1598357930.111,-1.068,-52.3709105697045,0.0617317091136056,-2.69894346888638,-46.7247608299039,2.616010871368,297.097997825726
1598357930.361,-1.06602597418682,-52.371,0.0629870129065885,-2.68481303527558,-46.6649782261659,2.618728262447,297.097454347511
1598357930.611,-1.06499595074875,-52.371,0.065008098502501,-2.673,-46.6124319577665,2.62321382951168,297.098328297707
1598357931.861,-0.977,-48.0184390244612,0.0548536585129468,-2.4198,-42.6172,2.3484,297.1198
1598357932.611,-0.976803278256026,-48.020196721744,0.0536065565120528,-2.42547310971205,-42.8634171915722,2.34898064809873,297.097963433761
1598357932.861,-0.976,-48.0205573762643,0.051557376264277,-2.40665590193765,-42.8354601971645,2.35543226219281,297.082372033034
1598357933.111,-0.976,-48.0192409637862,0.0490361448551822,-2.40649345025903,-42.7782401571688,2.34405239792774,297.090458518307
1598357933.361,-0.976,-48.0194741372489,0.045474137248877,-2.4084782603738,-42.7222173921156,2.33460869294799,297.099782608921
1598357934.611,-0.892,-43.6697922065054,0.022597402168472,-2.17520778854847,-38.9632857607309,2.10106494069465,297.092051930881
1598357934.861,-0.892,-43.6675502005494,0.022,-2.1731826099576,-38.9498955944397,2.10126956016959,297.087347837129
1598357935.111,-0.892,-43.6660850189142,0.0206275283713307,-2.1753565228208,-38.8504390809483,2.09257390871679,297.106369574682
1598357935.361,-0.892,-43.6640569093399,0.0185284546699503,-2.18042767594866,-38.8206310270043,2.08926205400856,297.111262054009
1598357935.611,-0.892481928068465,-43.6639638561369,0.0189638561369307,-2.18671698414991,-38.8201069179875,2.08821383597501,297.110213835975
1598357935.861,-0.893,-43.6639385956932,0.021061404306803,-2.18585560209171,-38.8182844816734,2.09700647121481,297.100135769622
1598357936.111,-0.892418698796956,-43.662418698797,0.022,-2.18316163649695,-38.8161293091976,2.1083211267128,297.087743527886
1598357937.361,-0.806295999526978,-39.310295999527,0.00470400047302246,-1.95344588596474,-34.9432424236325,1.84132034623322,297.112281384933
1598357937.611,-0.805284552514589,-39.3092845525146,0.005,-1.94645119297219,-34.9529479399289,1.84188503258732,297.108123644091
1598357937.861,-0.804277108376054,-39.3061084335042,0.005,-1.94265509724479,-34.9822321069688,1.84405423014583,297.101073752026
1598357938.111,-0.804732793561346,-39.307198380684,0.00573279356134646,-1.93547058542426,-34.9673529271213,1.84100653391752,297.09339215452
1598357938.361,-0.805,-39.3063788544775,0.006,-1.92566666112607,-34.9183333056304,1.83392592192439,297.085222217605
1598357938.611,-0.805,-39.306,0.00350602461551425,-1.91869462127862,-34.9398344278366,1.83434838839348,297.079868815475
1598357938.861,-0.805,-39.3051544711271,-0.00207317323739724,-1.91278064472464,-34.9876838745006,1.83757419378656,297.075567741618
1598357939.111,-0.805861788972465,-39.3058617889725,-0.00903252280725219,-1.92696551819817,-35.0286077608333,1.84407974176801,297.085756466205
1598357939.361,-0.806,-39.306,-0.0170243913785534,-1.94382969311152,-35.0671222644979,1.84992575654961,297.097875544966
1598357940.611,-0.722,-34.9600441773221,-0.0693534185767277,-1.6952717391079,-31.1375326125491,1.5398913039422,297.112489131224
1598357940.861,-0.722048193094098,-34.9610481930941,-0.0772409654704888,-1.6969021737553,-31.2041086939846,1.5317391307052,297.116565217842
1598357941.111,-0.723,-34.9619475805793,-0.0823145165244326,-1.7007065212659,-31.2443260819538,1.5252173921156,297.105695653526
1598357944.611,-0.644,-30.5854112904699,-0.169524195168753,-1.47329184592834,-27.3174334834962,1.18559656492943,297.105729614821
1598357944.861,-0.644448276039253,-30.5851034479215,-0.180034484353275,-1.47651073114203,-27.3700086086532,1.17379398581255,297.113776827855
1598357945.111,-0.645489960081618,-30.5849799201632,-0.187939760489706,-1.46247322462399,-27.4093233594045,1.1706381148085,297.10592076539
1598357946.611,-0.56,-26.2370566789544,-0.201773284182422,-1.22628633504588,-23.2945379582059,0.919045549847071,297.110934921549
1598357946.861,-0.56065461871231,-26.2353453812877,-0.210582330986172,-1.225621737553,-23.2722804279095,0.907828259855498,297.095795648343
1598357947.111,-0.562419914045438,-26.2357099570227,-0.214419914045438,-1.2180130425318,-23.2391282567457,0.902936955913299,297.077317389006
1598357947.361,-0.561530120205059,-26.2337951803076,-0.220144579282293,-1.2156565217842,-23.2834456561175,0.8987021737553,297.080504348547
1598357947.611,-0.56025203261488,-26.2322520326149,-0.230227641236326,-1.2167434782158,-23.3785543438825,0.8948978262447,297.097895651453
1598357947.861,-0.56,-26.2342834005635,-0.235283400563517,-1.21452483725222,-23.4340021699704,0.890699783002963,297.104475162748
1598357948.111,-0.56,-26.2396585397529,-0.238329269876468,-1.21128509517694,-23.4771987309741,0.886380126902586,297.107714904823
1598357949.861,-0.481987804795314,-21.864,-0.369853657543766,-0.981347836092423,-19.3957391431444,0.504043470959583,297.095434778012
1598357950.111,-0.485,-21.86,-0.37,-0.98026086100198,-19.397826078844,0.496152173236998,297.090152173237
1598357950.361,-0.484939757674874,-21.848979919225,-0.361538142174032,-0.959608688801584,-19.3782608630752,0.494521738589599,297.08852173859
1598357950.611,-0.481947136193726,-21.8479471361937,-0.338127747196481,-0.964062912513304,-19.3745813462531,0.521288517532817,297.089843818752
1598357950.861,-0.47941999912262,-21.8456519994736,-0.30333199596405,-0.980331894202136,-19.3783774419805,0.561418672365268,297.0925553157
1598357951.111,-0.473467477677338,-21.84347154533,-0.283353658997537,-0.976734472160675,-19.4259914587949,0.577845829461797,297.094342613108
1598357951.361,-0.461331983903366,-21.847801619316,-0.287870445070575,-0.969239825602173,-19.4822013079837,0.589623131196585,297.0959486088
1598357952.611,-0.366,-17.5208414633083,-0.34028048776942,-0.705225876462601,-15.521567970457,0.278041664684203,297.093589911759
1598357952.861,-0.365404081727981,-17.523,-0.338914286047933,-0.702772727178898,-15.4856818184633,0.274500001032115,297.091772727179
1598357953.111,-0.364315789778502,-17.521736840886,-0.331789471550483,-0.702231601512668,-15.487305195462,0.28045238336065,297.091231601513
1598357953.361,-0.364035713576135,-17.5196428576159,-0.324107140728406,-0.698587849236698,-15.4867592179043,0.291065083622349,297.095342737335
1598357953.611,-0.360955947178206,-17.5227400880363,-0.313823788712823,-0.692622555950794,-15.4845900203457,0.305164867752669,297.10293492879
1598357953.861,-0.357368000030518,-17.5276319999695,-0.305184000015259,-0.702102403611911,-15.4903442306354,0.320895432441333,297.102620913512
1598357954.111,-0.352909835745205,-17.5308360657019,-0.303581967149041,-0.7173529445986,-15.4990588254849,0.337235297784214,297.099352940443
1598357954.361,-0.348688258511399,-17.5311255056743,-0.295129551068395,-0.701809418299519,-15.4866295475663,0.345685226216854,297.096612419208
1598357954.611,-0.345209675760224,-17.5291048378801,-0.277391121980952,-0.68310300499451,-15.4725021493482,0.349999979534889,297.093974248751
1598357956.111,-0.268925764396728,-13.1477161570688,-0.222087335085206,-0.442617392115602,-11.5446130425318,0.122647828836206,297.083156522821
1598357956.361,-0.268634145443197,-13.1476829272784,-0.205073163545578,-0.4524,-11.5332,0.1558,297.0962
1598357956.611,-0.268,-13.1459193540014,-0.188209672674555,-0.451878261410401,-11.5664391255222,0.172121738589599,297.100656521784
1598357956.861,-0.267301204923103,-13.145,-0.171819278769646,-0.445356522820803,-11.6256782510444,0.178643477179197,297.100113043568
1598357957.111,-0.264865852618439,-13.1442886175395,-0.162020322776357,-0.435391302590108,-11.6169086913458,0.186026088186924,297.090530432849
1598357957.361,-0.264771551950047,-13.144,-0.160771551950047,-0.424521732640399,-11.590278244969,0.193634787151721,297.078573905904
1598357957.611,-0.264218253412604,-13.1455634931748,-0.157091267063022,-0.433323714825895,-11.537964929374,0.194490721832942,297.091740211322
1598357958.611,-0.18,-8.78229032183636,-0.142580643672724,-0.193464364666062,-7.71556153284074,-0.047,297.104708425444
1598357958.861,-0.18,-8.77838399887085,-0.136575998306274,-0.198329670594548,-7.64714284681263,-0.0437032940545208,297.107032964649
1598357959.111,-0.180907630541315,-8.77618473891737,-0.127831325128162,-0.199428571877712,-7.60428569676924,-0.0327142812228832,297.097142853101
1598357959.361,-0.181922764026715,-8.77507723597329,-0.111313011545853,-0.1997402595459,-7.61109093085915,-0.00881816821303262,297.091480519092
1598357959.611,-0.181919676899832,-8.775,-0.0756787075993267,-0.199199134158922,-7.67169697420074,0.0290606088754645,297.090398268318
1598357959.861,-0.178,-8.77497580627329,-0.0599516125465902,-0.190413044605003,-7.697434782158,0.0326956535260032,297.095152173237
1598357960.111,-0.178,-8.77393548281657,-0.0581612929585806,-0.176826089210005,-7.702869564316,0.0163913070520063,297.103304346474
1598357960.361,-0.1779565217842,-8.772,-0.0633913039421991,-0.191217394819784,-7.70270869538852,-0.00163478559681638,297.112317392798
1598357960.611,-0.177122448920012,-8.77212244892001,-0.0731020402801079,-0.212956534719202,-7.70107825989606,-0.020113054511322,297.121556527256
1598357961.861,-0.0933982306393097,-4.42719911531965,-0.137796461278619,0.0376883109845967,-3.78519479886137,-0.295051946363032,297.111311689015
1598357962.111,-0.095,-4.42827935227362,-0.142676113641694,0.0469494641607036,-3.78859342970686,-0.293892311287733,297.110727469702
1598357962.361,-0.0952903227977277,-4.42958064559546,-0.151354841965916,0.0760703481645434,-3.83804398744922,-0.301584620269879,297.104683512645
1598357962.611,-0.0963020411539453,-4.431,-0.161697958846055,0.0684967291157571,-3.82894357498416,-0.305,297.101698481311
1598357962.861,-0.097,-4.43036290301648,-0.157177418098861,0.0316203896926677,-3.77308676674036,-0.305,297.101156182201
1598357963.111,-0.097,-4.429,-0.145421683828331,0.0449392606644483,-3.78827548570678,-0.302683297355053,297.09636659471
1598357963.361,-0.0966371681789363,-4.43008849546319,-0.133646018147235,0.078561822821366,-3.83220173626662,-0.299429501017287,297.089859002035
1598357963.611,-0.0955725806994319,-4.432,-0.115741936786366,0.0636586965761022,-3.8111108708497,-0.274941305497103,297.096076086618
1598357964.611,-0.013,-0.0838285703164154,-0.089257144525377,0.223303231416688,0.0360967702240416,-0.501045161078616,297.115438710551
1598357965.361,-0.014,-0.0855725806994319,-0.117733871890343,0.291517543368906,0.142056980983508,-0.523899118635702,297.111969292111
1598357965.611,-0.0157419367863663,-0.0865806455954554,-0.127903227977277,0.290421052356396,0.0603684005514997,-0.514578945029366,297.098263154455
1598357965.861,-0.017,-0.0889210531819446,-0.130640351060648,0.292993520988814,-0.00026998300173587,-0.508339092454388,297.097656588205
1598357966.111,-0.0163280000686646,-0.0940319995880127,-0.126968000411987,0.297853131599315,-0.0477861756377439,-0.504019438578387,297.105215982488
1598357966.361,-0.0153333330179647,-0.096,-0.122999999053894,0.304374459687641,-0.0213787821865156,-0.508374459687641,297.103279220216
1598357966.611,-0.0142751089020673,-0.096,-0.124174673293798,0.311409093348636,0.0278636534404531,-0.515409093348636,297.09840908922
1598357966.861,-0.0132429147687291,-0.096,-0.128785426156354,0.315492375282181,0.0629324667850275,-0.53745316244768,297.100494553773
1598357967.111,-0.0137630522165261,-0.0944738955669477,-0.136867469948735,0.318021277588706,0.0897872383166026,-0.557553192957217,297.10248936222
1598357967.361,-0.0147732793561346,-0.0932267206438654,-0.143639676136808,0.305787235780235,0.0371276670540546,-0.53946808767513,297.096106383885
1598357967.611,-0.0158398270587604,-0.093,-0.148359308235042,0.294491380705668,0.00663792027056399,-0.524784482957953,297.093047411899
1598357967.861,-0.0151411284701693,-0.093,-0.149858871529831,0.286948277040342,0.0648275771173651,-0.523706896720049,297.10328448116
1598357968.611,-0.014,-0.0901125541214902,-0.153437229392549,0.294691466545492,-0.0567242900526242,-0.550693653527212,297.095017505244
1598357968.861,-0.0149595142052118,-0.0880809715895764,-0.177028340925083,0.270074399636477,0.00782712984212726,-0.590080960581637,297.107052515733
1598357969.111,-0.0159638561023228,-0.0851084316930316,-0.204987970865039,0.266382607884398,0.0432434756242938,-0.597521740144502,297.107713044087
1598357969.361,-0.0169678719089375,-0.0840321280910625,-0.233100413450251,0.272904346473997,0.0644391260404897,-0.589369566907504,297.102821740144
1598357969.611,-0.0171061225919712,-0.085,-0.261273471103655,0.294070176649402,0.0940000015685438,-0.617649124595708,297.101087719243
1598357969.861,-0.019,-0.082813749706803,-0.285020250136825,0.317886457562789,0.125462903782475,-0.653187781723079,297.09998689895
1598357970.111,-0.018327995300293,-0.0173677368164062,-0.299008007049561,0.303694316110799,0.18332317277905,-0.676659400278294,297.098349344167
1598357971.861,0,0.945815261082631,-0.311052208866105,0.4367472410458,1.02400433516554,-0.704246190238242,297.119701523905
1598357972.111,0,0.941734513330351,-0.307469026660703,0.369209130961891,0.982065347452142,-0.709692812019202,297.117522875192
1598357972.361,0,0.940317072414298,-0.304634144828595,0.343561553438454,1.02288553798399,-0.715103672418064,297.112896327582
1598357972.611,0,0.940436736330337,-0.301281631834831,0.331142548544952,1.089840173062,-0.720503239763064,297.107496760237
1598357972.861,0,0.943750000961365,-0.298124997596588,0.350726085063596,1.0802086970944,-0.7214934782158,297.099597826763
1598357973.111,0,0.945,-0.294619999885559,0.372184782253772,1.06503478062112,-0.723293475776403,297.092628259663
1598357973.361,0,0.945,-0.293181033791741,0.374902174741199,1.08025217855072,-0.742315223188394,297.10186739412
1598357973.611,0,0.945900399042147,-0.29064940143678,0.377243590337938,1.09516667439319,-0.753955120775777,297.108269228986
1598357974.861,0.0844372467408112,5.28587449348162,-0.305125506518378,0.565744091511367,4.82516704299913,-1.00941432083799,297.091887199559
1598357975.111,0.084,5.285,-0.307159183887957,0.61286928016306,4.80426360258178,-1.00412200067941,297.096747279484
1598357975.361,0.084,5.2856,-0.308,0.609601307094483,4.75252069566265,-0.990505446227014,297.107095860867
1598357975.611,0.0833870967431818,5.28477419348636,-0.307387096743182,0.599285712221484,4.74167532439384,-0.986233765858451,297.114298702425
1598357975.861,0.083,5.2853391307052,-0.304321738589599,0.587380947564414,4.74005194739515,-0.98406926319353,297.120792210419
1598357976.111,0.0837131149783567,5.286,-0.29444262025972,0.606991311198416,4.81943915765686,-0.967691298759187,297.122052174274
1598357976.361,0.0825425094571102,5.286,-0.278611330385437,0.625488018300569,4.89560131540537,-0.949514154995933,297.120420474697
1598357978.111,0.172,9.64477235876367,-0.229024385563467,0.875489087143042,8.80756770750097,-1.1683886410712,297.103462880357
1598357978.361,0.172898785995658,9.645,-0.219910926039076,0.878202614188967,8.82001960641725,-1.16280392128345,297.104392157433
1598357978.611,0.173,9.64401746701704,-0.210157203153371,0.877113289832775,8.81184967374581,-1.16116993474916,297.107660130502
1598357978.861,0.174983872130684,9.644,-0.204048383607947,0.875060605810396,8.74409090045867,-1.15663636307339,297.108484848547
1598357979.111,0.174004015772007,9.644,-0.198024094632041,0.873052174273601,8.67568697509044,-1.15163478008479,297.108817390042
1598357979.361,0.175,9.64600809754506,-0.199032390180243,0.874139130705201,8.73166523131783,-1.1440260850636,297.105013042532
1598357979.611,0.174978069689282,9.64702193031072,-0.203131581864306,0.874886710108379,8.77169498411841,-1.14151198664025,297.105285406857
1598357979.861,0.174,9.648,-0.209653224852839,0.874342047647369,8.75099781060002,-1.15839652293156,297.121080618226
1598357980.111,0.174118367581286,9.64776326483743,-0.215828573069003,0.874791490790703,8.73562552762789,-1.17196809046513,297.128823400326
1598357981.611,0.258705645234943,14.0004112904699,-0.27388306429517,1.10467102711115,12.5512919572447,-1.43723747575559,297.112601308133
1598357981.861,0.258,13.9993000001907,-0.276300000190735,1.11556427067307,12.6144727699038,-1.44758605713941,297.115869281202
1598357982.111,0.258,13.9996963560565,-0.27760728788708,1.12068546691257,12.592010843133,-1.4568503263904,297.118603037174
1598357982.361,0.258314516524433,13.9977419339023,-0.279,1.1236130414952,12.5696934792524,-1.4649369564316,297.118541300832
1598357982.611,0.259,13.9957111121001,-0.279711112100106,1.1116565207476,12.5756717396262,-1.4643934782158,297.097345650416
1598357982.861,0.259,13.9974200000763,-0.280159999847412,1.1048,12.5974,-1.4652,297.08065
1598357983.111,0.258579999923706,13.9988400001526,-0.278159999847412,1.1113217385896,12.6604434730328,-1.4695478257264,297.075758696058
1598357983.361,0.258,13.9991497973442,-0.275724696016286,1.11219313292864,12.6698025740006,-1.45726394787534,297.077210300607
1598357984.611,0.344552419901422,18.3491048398028,-0.292104839802843,1.37710043826338,16.464943225658,-1.71964192336143,297.108393012773
1598357984.861,0.345,18.35,-0.295406927550741,1.3766034848599,16.481965151401,-1.72247930302802,297.11039651514
1598357985.111,0.344362903016477,18.35,-0.295725806032954,1.37373752349922,16.5071171244974,-1.72190237099673,297.112737523499
1598357985.361,0.344,18.3519591837331,-0.291081632533902,1.36777223329842,16.4870520574583,-1.69695661197523,297.106772233298
1598357985.611,0.344,18.3543360321933,-0.285659919516831,1.36408695595837,16.4738260854918,-1.6802608678751,297.105152172279
1598357985.861,0.344697095546518,18.3556970955465,-0.281211617813929,1.36952174093322,16.4879565264264,-1.69656522279967,297.120913048706
1598357986.111,0.345,18.3552919998169,-0.275043998718262,1.37436956742581,16.4952391275954,-1.70093477282858,297.125717382786
1598357987.611,0.430848606058303,22.7028486060583,-0.18627090912545,1.5977266822992,20.4057613657403,-1.84435138918914,297.104956611953
1598357987.861,0.431,22.703,-0.167189416735724,1.59989587985771,20.364004312739,-1.80584813252557,297.097364420498
1598357988.111,0.432895161259311,22.703,-0.158419354962757,1.6,20.4111522017436,-1.82262609750282,297.10269130757
1598357988.361,0.433,22.7039556454753,-0.150354836197722,1.59836007983144,20.4555422931835,-1.84012147556804,297.10860737784
1598357988.611,0.433,22.7020569103091,-0.143199186081785,1.58371799631149,20.4425271078324,-1.8412060743473,297.114030371736
1598357988.861,0.434951806905902,22.7049277103589,-0.164469875964925,1.57824348961843,20.424260850636,-1.84360217738341,297.119165219915
1598357989.111,0.436,22.707931727023,-0.188092367632119,1.59780870538722,20.391652157688,-1.84958043775721,297.123513045642
1598357989.361,0.437080007553101,22.7684164295197,-0.20321600151062,1.60596949645385,20.398875837971,-1.91081268303426,297.125300653028
1598357990.611,0.520194332394138,27.0588056676059,-0.172056676058622,1.85971183545936,24.2524236709187,-2.08704300405414,297.132139794324
1598357990.861,0.520792682489516,27.0571707299581,-0.161926824895159,1.84817390560698,24.2390260772891,-2.07670434336419,297.119791296168
1598357991.111,0.520222672353964,27.054222672354,-0.150437242336579,1.83210870072251,24.2187130767397,-2.06691738745089,297.10203913226
1598357991.361,0.521251082688949,27.054748917311,-0.134987007732608,1.84569565611751,24.3078435041309,-2.05659130135069,297.106930436202
1598357992.111,0.522659918551573,27.054,-0.120919022618879,1.8336565217842,24.1860413034239,-2.0253434782158,297.109969565353
1598357992.361,0.522358025187988,27.054716050376,-0.112283949624025,1.8325695653526,24.2083239102717,-2.0264304346474,297.106708696058
1598357992.611,0.523,27.0563836736878,-0.112151021063541,1.83770370328046,24.2583703675231,-2.05188888704202,297.1037037038
1598357993.861,0.607,31.4145600013733,-0.159120002746582,2.09425646492035,28.2142047455575,-2.28185344861694,297.116146551383
1598357994.111,0.606467212554108,31.4149344251082,-0.174254111255509,2.10212200801481,28.236305020037,-2.28606100400741,297.100771234972
1598357994.361,0.606,31.414,-0.191156384907615,2.10911110510881,28.2536470429351,-2.29193465358672,297.086575167283
1598357994.611,0.604823044379209,31.4128230443792,-0.194234566568814,2.09985184808117,28.2291372449208,-2.31208715417627,297.092566451242
1598357994.861,0.604,31.4107179477252,-0.184025634076337,2.09173101831117,28.1961952136303,-2.32051409359042,297.096154012207
1598357995.111,0.605344130703586,31.4093279346482,-0.168919019723106,2.08685032380452,28.1392537777194,-2.29556832166754,297.09290021587
1598357995.361,0.606678715259359,31.4076425694813,-0.163321284740641,2.0871790424838,28.1234847336609,-2.28349781909442,297.087593883053
1598357995.611,0.607,31.4063199996948,-0.166400001525879,2.0948209648041,28.1655153064226,-2.2895021866318,297.079406109138
1598357995.861,0.606257641885026,31.4074847162299,-0.168,2.09863340599666,28.1947180109383,-2.32493711182654,297.092151852915
1598357997.361,0.69,35.7821637934844,-0.255443961898263,2.35555895212419,31.8785982656868,-2.61559826568683,297.130179042484
1598357997.611,0.689072288752859,35.7810722887529,-0.282048203672798,2.35474782365319,31.914043480289,-2.6496869559133,297.136913039422
1598357997.861,0.689,35.7828861793818,-0.295317076291022,2.3482260850636,31.919478262447,-2.6480565212659,297.126043475106
1598357998.111,0.689951613507956,35.783,-0.307419362095469,2.3415130420135,31.94213044605,-2.65140000259151,297.11498260633
1598357998.361,0.69,35.7810728730793,-0.308963563460371,2.3344478252081,31.99647826763,-2.6639000015549,297.103569563798
1598357999.111,0.693925927379476,35.8749753810772,-0.327909465706975,2.33851087395951,32.1532369040832,-2.7814413884253,297.124939132778
1598358000.361,0.775,40.1278780508607,-0.298341461854489,2.59475327526261,35.9819912659664,-2.87544759814075,297.120543667826
1598358000.611,0.774765181811074,40.1317044545668,-0.295060727244296,2.60294104917722,35.9601572021941,-2.86944323060337,297.104713971591
1598358000.861,0.774,40.1342469640239,-0.291259107928335,2.60404356981611,35.9488148178929,-2.86896514414711,297.098664491639
1598358001.111,0.774,40.135,-0.289257028558516,2.58498039358275,35.9673333319482,-2.8842156851338,297.120450978763
1598358001.361,0.774,40.134717391079,-0.29,2.58063930808121,35.9757105834203,-2.89368682497392,297.132313175026
1598358001.611,0.774,40.134,-0.289653060906731,2.59629806144507,35.9703110132948,-2.89530669601156,297.130693303988
1598358001.861,0.774,40.1329199981689,-0.289360000610351,2.60551982602796,35.9352422616366,-2.89820484777446,297.117085891607
1598358003.361,0.86,44.488502041154,-0.283991835384219,2.85095053557026,39.8511075339772,-3.15527097122518,297.117606450839
1598358003.611,0.859485943840472,44.4884859438405,-0.279943775361889,2.843684900905,39.8793063542983,-3.16384900904999,297.114684900905
1598358003.861,0.859560869876199,44.488,-0.274634780742809,2.84204376311106,39.9017352374821,-3.14743763111065,297.113043763111
1598358004.111,0.860598394074199,44.4885983940742,-0.272598394074199,2.83882863133244,39.9278438290958,-3.14292191454788,297.112197397152
1598358004.361,0.861,44.489,-0.279097563575851,2.83286333804654,39.9603817924734,-3.15919089623671,297.112739696541
1598358004.611,0.861,44.4896209681528,-0.292935490445468,2.83084598779255,39.9407505086436,-3.16784598779255,297.107078085452
1598358004.861,0.860365853233042,44.490634146767,-0.30153658706783,2.83247288596144,39.8729630849401,-3.16947288596144,297.09568979827
1598358005.111,0.859292035239521,44.4952477885629,-0.297336281916167,2.8304282588189,39.8304260705512,-3.16228477645669,297.107797838684
1598358005.361,0.859,44.497736000061,-0.289111999511719,2.8266239113083,39.7999912904664,-3.15087173392489,297.131167401963
1598358005.611,0.864214575774161,44.7877814251641,-0.279550606036913,2.83552061312368,39.8448698782669,-3.26324735748412,297.122759211698
1598358006.611,0.9475783148104,48.8525622469195,-0.257843370379201,3.06482188898183,43.7172918530911,-3.37885837061823,297.123141629382
1598358006.861,0.948,48.852,-0.253532257630351,3.07155896224451,43.7283187686362,-3.38185371151988,297.121024019361
1598358007.111,0.949750000721024,48.852,-0.254750000721024,3.09230131203045,43.7108515267112,-3.38130786020972,297.124844978532
1598358007.361,0.949043668063167,48.8500873361263,-0.255,3.10281778768229,43.7182602998385,-3.37745336304688,297.124399132901
1598358007.611,0.949,48.8451416997991,-0.237510119276868,3.10010629073415,43.7578481552814,-3.36931887220246,297.118433839615
1598358007.861,0.950967611750272,48.8410647764995,-0.226178135373502,3.1044695648343,43.7752869564316,-3.3621391307052,297.113747826245
1598358008.111,0.952991903420197,48.8419959517101,-0.220024289739409,3.1137086945029,43.7774608692948,-3.3556173921156,297.109943478734
1598358008.361,0.953036734967945,48.8420244899786,-0.221208164818354,3.11354782549204,43.7077043307717,-3.36380869803185,297.108182608497
1598358008.611,0.9559036128543,48.8441606452428,-0.238578322874197,3.11028695450712,43.6142260292042,-3.3768521819715,297.107095651502
1598358009.861,1.03333870800278,53.2183306459986,-0.315149198990952,3.34337044937051,47.6678822528769,-3.67148179748205,297.123925056924
1598358010.111,1.02944155853539,53.2198138528451,-0.328233765858452,3.34114660498738,47.7022013186582,-3.67556018503785,297.123956229063
1598358010.361,1.02573469254693,53.2179877540376,-0.339518368943679,3.33512909974296,47.7125951913531,-3.69361270077113,297.110827126712
1598358010.611,1.02145528344183,53.2128211337673,-0.345634149674501,3.32782608299039,47.6906086696244,-3.70586956794411,297.108956526449
1598358010.861,1.01885943648971,53.2064297182449,-0.350285140877572,3.31913043153759,47.6335434569654,-3.71184782831791,297.119282612549
1598358011.111,1.01541700378284,53.2041255056743,-0.351,3.31115151393174,47.609883116099,-3.71122943653242,297.115380950464
1598358011.361,1.0130217385896,53.203630435684,-0.3513260871368,3.30357575851404,47.6050129876162,-3.7069004334366,297.103476191951
1598358011.611,1.00945528441101,53.2058414633083,-0.350841463308261,3.30888695792791,47.606582609223,-3.70772173948198,297.104443478964
1598358011.861,1.00620800018311,53.2032080001831,-0.343060001373291,3.31758261388768,47.6098434802079,-3.70989565347192,297.108791306944
1598358013.111,0.922591093762217,48.831348177063,-0.322651822937028,3.03532257270614,43.6957741744947,-3.44409677181184,297.100290315436
1598358013.361,0.923453060712103,48.8279061214242,-0.326640817863691,3.03303922737855,43.684921588875,-3.44472549561445,297.098254912512
1598358013.611,0.922432652624306,48.827,-0.327432652624306,3.05537037668049,43.7235926035199,-3.45507407699827,297.118407413102
1598358013.861,0.922,48.8229679985046,-0.325847999572754,3.06230585537455,43.7172776475066,-3.45488503051861,297.12089587572
1598358014.111,0.923777778213843,48.8164444435723,-0.322037036310262,3.05525596330939,43.670097600609,-3.44512364150532,297.10733839098
1598358014.361,0.9263130435684,48.8113739128632,-0.3186869564316,3.0507922074303,43.6476406914343,-3.44935930856568,297.105943723426
1598358014.611,0.925626505078128,48.8154939796875,-0.321433737304681,3.04754545510843,43.6368181836947,-3.46018181630525,297.110272726522
1598358014.861,0.922214574601783,48.8235708507964,-0.322303643650446,3.04926086994831,43.6689130492246,-3.45702608611372,297.102408694196
1598358015.111,0.918891565434454,48.8288112460874,-0.297401596735291,3.05197826243574,43.7096739365361,-3.45104782264138,297.092082602744
1598358016.361,0.836841463308261,44.486365853233,-0.189634146766958,2.80834549012686,39.8184034360938,-3.05475751645524,297.122851932803
1598358016.611,0.837850806633807,44.4895524199014,-0.180491933661928,2.80557895339493,39.8226644719265,-3.05974999045803,297.122565784954
1598358016.861,0.834263155638235,44.4881315778191,-0.1631184114625,2.81873684554505,39.8188267533827,-3.03891666122034,297.112697365841
1598358017.111,0.834959183733049,44.4841632650678,-0.153367346402557,2.82329501017287,39.8201258146831,-3.02445336046099,297.115388289251
1598358017.361,0.835,44.4820645153227,-0.143322576613628,2.82004121383511,39.826091107969,-3.01577657022695,297.129488073381
1598358017.611,0.836943775361889,44.4742248985524,-0.126477909423946,2.8241739149364,39.857565228208,-3.0141086960578,297.113673905607
1598358017.861,0.841899196009948,44.4691008039901,-0.134818552817907,2.8317826099576,39.901043485472,-3.0157391307052,297.083782603738
1598358018.111,0.84811618396008,44.4625933561397,-0.165045655640722,2.82384966899285,39.86956860977,-3.02606536410786,297.095013079263
1598358019.611,0.769,40.1023606550649,-0.206590160346293,2.56430322080487,35.8751720562094,-2.84973546761583,297.109929038927
1598358019.861,0.768524589363012,40.0992868840445,-0.181877028756803,2.56075439126677,35.9059122813255,-2.79863156912334,297.122947367018
1598358020.111,0.767774194664811,40.097,-0.135774183128434,2.57939473847944,35.9081052633505,-2.76409210222927,297.118013157461
1598358020.361,0.770538775637308,40.0972693878187,-0.114191836544038,2.59245770112755,35.9427093304937,-2.75770498982713,297.106047721473
1598358020.611,0.772288618228938,40.0988658546868,-0.11777236457876,2.60167679075122,35.9996507664046,-2.77072017517819,297.089236440395
1598358020.861,0.773,40.1016382985631,-0.139659582757155,2.59259258720591,35.9997407340074,-2.76992592400211,297.092333336796
1598358021.111,0.773,40.102637096371,-0.163620976208147,2.57734203829762,35.980677547872,-2.76447929939201,297.102137261094
1598358021.361,0.773372469698154,40.1023724696982,-0.187801621246476,2.58144034857712,35.9438850228204,-2.80999567433381,297.112891542867
1598358021.611,0.773616935224147,40.1041491943276,-0.221705655809965,2.5867195882289,35.9086659779564,-2.85395052198933,297.122439176458
1598358022.861,0.683,35.754073171299,-0.254878043958217,2.32651403245067,32.0700605068171,-2.62799135616899,297.128414683493
1598358023.111,0.683548387406892,35.7528064503724,-0.239870963710406,2.31982456265101,32.0964912174665,-2.61401753840185,297.119438593372
1598358023.361,0.683441295452769,35.7504412954528,-0.227854249980454,2.32421052670105,32.0592105230411,-2.59482894568293,297.108473683247
1598358023.611,0.683,35.7506103898919,-0.201025963892478,2.33049457739916,32.0542733197695,-2.56452711300421,297.102394793786
1598358023.861,0.684274901450459,35.7522749014505,-0.157677266639437,2.33808676885395,32.0716269002376,-2.52656615573027,297.099683296838
1598358024.111,0.686923387887574,35.7542822585917,-0.130741931266271,2.34040740759979,32.054814804811,-2.51374073920169,297.103481483598
1598358024.361,0.68865182197177,35.755,-0.12695546591531,2.3409520700608,32.0264923568384,-2.50938343951361,297.109472770669
1598358024.611,0.689666666666667,35.755,-0.134666666666667,2.3395130425318,32.0770348163659,-2.5109826099576,297.100582602701
1598358024.861,0.689259911963676,35.757220264109,-0.144660792326913,2.3373461495159,32.1284230598568,-2.50607687722721,297.091423079725
1598358026.111,0.602109648531163,31.3761096485312,-0.172368435252081,2.09444276075291,28.1814427607529,-2.33495033736482,297.101360690188
1598358026.361,0.602,31.3750778690086,-0.187909833879057,2.08354944644961,28.1841758303256,-2.34827691877209,297.107085719615
1598358026.611,0.602,31.3722168662586,-0.193638556235703,2.07256043361797,28.200659349573,-2.33673845529887,297.121371436297
1598358026.861,0.602,31.372,-0.200655742077955,2.07669848493076,28.1840043287693,-2.33373318904103,297.121967460274
1598358027.111,0.601032519899709,31.372,-0.205837400501454,2.08808676622319,28.1514663822195,-2.33481778725935,297.116002170074
1598358027.361,0.601,31.3729797575852,-0.212858303096643,2.09225596486093,28.1130629130305,-2.32642733352848,297.109134491362
1598358027.611,0.600004064745168,31.3749918705097,-0.219971546783821,2.09496746180906,28.0734750575877,-2.31612364512555,297.102084599296
1598358028.861,0.513,27.025,-0.225632652266827,1.84365665308294,24.3813605130606,-2.11012016300469,297.111639486939
1598358029.111,0.513,27.0246356268816,-0.235275305914229,1.84875314146454,24.3814895477378,-2.0890795066231,297.116230123344
1598358029.361,0.513,27.023,-0.241967743331013,1.85607531833624,24.3987489646497,-2.10790796143604,297.111523009641
1598358029.611,0.513,27.0227826086957,-0.246434782608696,1.85109647950986,24.4054561370028,-2.12970176978704,297.109
1598358029.861,0.513,27.022,-0.248571429683585,1.83190788679093,24.3999736819403,-2.15492106307477,297.109
1598358030.111,0.512699999809265,27.0213999996185,-0.25060000038147,1.82534557249546,24.3738099253178,-2.15605183260443,297.109
1598358030.361,0.512,27.0206072878871,-0.252910931830621,1.82588552922996,24.3360129539028,-2.14363282771093,297.109
1598358030.611,0.512,27.022,-0.255,1.8427021747919,24.3284282608921,-2.1551326094393,297.100006521266
1598358032.111,0.426,22.6694574905429,-0.24,1.60052586147983,20.38270689672,-1.90842241556051,297.101
1598358032.361,0.425493449217904,22.6694934492179,-0.236454144525329,1.60541991301332,20.3821861471549,-1.895229438199,297.103792207323
1598358032.611,0.424454182774965,22.669,-0.23081673109986,1.61245454667432,20.3827272728211,-1.87845454254586,297.111909092317
1598358032.861,0.42454400062561,22.669,-0.227911998748779,1.61247264577313,20.3781159710705,-1.87244201446476,297.107317281903
1598358033.111,0.425548387406892,22.6700967748138,-0.225903225186216,1.60536104866608,20.3682691443069,-1.87736542784656,297.089811812101
1598358033.361,0.426607929570941,22.6703920704291,-0.223784140858118,1.59037580736605,20.387362855523,-1.88224622096302,297.084721382436
1598358033.611,0.426358565498637,22.67,-0.220434261994548,1.57147732165855,20.420840173062,-1.88710583157352,297.085801295905
1598358033.861,0.426642570438786,22.6680722886836,-0.219,1.5795304336108,20.407043480289,-1.85252174273601,297.0944260861
1598358034.861,0.342,18.3172401570184,-0.206240157018378,1.34319355285279,16.6249354731533,-1.61180644714721,297.116096781041
1598358035.111,0.341243999481201,18.3147319984436,-0.204487998962402,1.35352587097245,16.5939525526704,-1.60750862365748,297.123038789245
1598358035.361,0.341,18.3115560339911,-0.205629310672618,1.36968965623552,16.5330689615129,-1.61289655207851,297.116034482298
1598358035.611,0.340161943179153,18.3093238863583,-0.206838056820847,1.38062008671566,16.5005458505532,-1.61275982656868,297.108759826569
1598358035.861,0.34085020265581,18.3107004053116,-0.207850202655809,1.38444104787581,16.5065502180906,-1.60511790424838,297.101117904248
1598358036.111,0.341,18.3075506060369,-0.204550606036913,1.37598253141217,16.5384061174675,-1.60006113511203,297.09961572074
1598358036.361,0.341,18.308894738163,-0.204947369081492,1.35906113198865,16.5880786125495,-1.59678602554619,297.102344978712
1598358036.611,0.341,18.309,-0.205967480100291,1.3611555086271,16.5577321740939,-1.60707991552877,297.106693305176
1598358037.611,0.253067193575321,13.9524031614519,-0.193335967876603,1.13106535268039,12.6121307282157,-1.37918300578905,297.116287583791
1598358037.861,0.253940170234791,13.958,-0.198179489295627,1.09486695529294,12.6693519385064,-1.3781115921549,297.124266089414
1598358038.111,0.253120481893102,13.9578795181069,-0.201481927572409,1.10291416421,12.6924206040687,-1.39152360701667,297.10817167158
1598358038.361,0.253876493558428,13.9566294806753,-0.205123506441572,1.10839655176843,12.6927241363364,-1.40178448295795,297.096017241158
1598358038.611,0.253260869294799,13.9542608692948,-0.206652173236998,1.10947413800634,12.6539310317718,-1.40663362102852,297.090629309968
1598358038.861,0.254797571026059,13.9557975710261,-0.211,1.1111130435684,12.626652173237,-1.4000956514528,297.093008696058
1598358039.111,0.253788000106812,13.955,-0.210364000320435,1.1132869564316,12.610347826763,-1.3827043485472,297.102791303942
1598358039.361,0.252543103430557,13.9547715517153,-0.207314655145836,1.1183921576368,12.5896274482712,-1.377,297.104535947454
1598358039.611,0.251572581110338,13.9551451622207,-0.205572581110338,1.12492810716892,12.5667516249088,-1.377,297.10235729761
1598358039.861,0.251832000732422,13.8952200393677,-0.207,1.11740475980367,12.6032619146039,-1.38061904850372,297.104714286378
1598358040.861,0.167588709530113,9.607,-0.18376612859034,0.859513111201458,8.67224454200983,-1.14395633607862,297.09948908402
1598358041.111,0.167835341857673,9.60783534185767,-0.182,0.868376334118149,8.68525378188142,-1.14817849188249,297.095038700706
1598358041.361,0.169,9.60857142829339,-0.182,0.846870964830964,8.72503871506272,-1.14226451532852,297.075683868348
1598358041.611,0.169472103496157,9.608,-0.182472103496157,0.843448275241926,8.77910344591932,-1.13996551717051,297.076344826753
1598358041.861,0.169481632533902,9.6074816325339,-0.180926530135607,0.862306034405241,8.85076293073991,-1.14212068964631,297.101668103344
1598358042.111,0.169,9.60808642043141,-0.17791357956859,0.855843479252402,8.8806434782158,-1.1352782614104,297.105565217842
1598358042.361,0.169574380653818,9.609,-0.178148761307637,0.831930437757207,8.8817304346474,-1.1222347842312,297.094695653526
1598358042.611,0.17,9.609,-0.182853935112633,0.842756525804417,8.837043467354,-1.11777391274602,297.098539132021
1598358042.861,0.169429824469676,9.60785964893935,-0.189421053181945,0.865039144201321,8.7772608326306,-1.11614347725356,297.107234787981
1598358043.111,0.168387096743182,9.607,-0.193225806513636,0.873429502863866,8.73292840567343,-1.12638612001086,297.098603034276
1598358043.361,0.167376517988056,9.607,-0.19088258994028,0.879297827435667,8.6883804436557,-1.12742827925462,297.090034780621
1598358044.611,0.083,5.2582186230988,-0.183437246197609,0.597937763552252,4.83395494298932,-0.870405575514723,297.094618022804
1598358044.861,0.081412954527685,5.25403238631921,-0.181412954527685,0.594928881380074,4.8186379207844,-0.863282327684765,297.088717672315
1598358045.111,0.0825983940741989,5.2545983940742,-0.184995985185497,0.606243536878063,4.7626034364134,-0.863821120803717,297.088178879196
1598358045.361,0.083,5.255,-0.185134198727608,0.618751095658439,4.75019869275806,-0.869469434786524,297.094198692758
1598358045.611,0.083,5.25410245844774,-0.180512292238692,0.631851533921814,4.75947816986129,-0.877657208701134,297.103478169861
1598358045.861,0.0820890681693795,5.25217813633876,-0.18,0.62944662178096,4.77374945901331,-0.884464053862848,297.118204796835
1598358046.111,0.0810806450372433,5.24924193511173,-0.187354839702054,0.624,4.789,-0.891,297.134
1598358047.361,-0.00210483884147754,0.897895161158523,-0.186052419420739,0.385032666973477,0.820934645275833,-0.632235297784214,297.109366007233
1598358047.611,-0.004,0.896258622372901,-0.18712931118645,0.347364805944705,0.86999571153608,-0.646077253745883,297.097253218906
1598358047.861,-0.00413414641237917,0.899865853587621,-0.189134146412379,0.324832620976943,0.952613723084542,-0.658952788013175,297.097789699501
1598358048.111,-0.00514859505430006,0.8985542148371,-0.1898514049457,0.327793099940036,0.975827588935528,-0.650568969512737,297.093413794468
1598358048.361,-0.00584362097926249,0.896156379020738,-0.188843620979262,0.347189652222303,0.960741381604876,-0.628478451635711,297.085870690802
1598358048.611,-0.00481632631215302,0.897367347375694,-0.188367347375694,0.346265794715833,0.969697168843514,-0.624638344366905,297.093830066201
1598358048.861,-0.004,0.899607286921823,-0.19,0.338640520261689,0.986581705134831,-0.626816994210946,297.106901965266
1598358049.111,-0.00378367347733173,0.902216326522668,-0.190865306090673,0.357457519429291,0.927132887939139,-0.622509803208625,297.107501089245
1598358049.361,-0.003,0.903247863657158,-0.194743590971474,0.376522776992243,0.869123641505316,-0.618390455188164,297.106826464361
1598358049.611,-0.003,0.903699186566376,-0.196398373132752,0.370557483706339,0.908169197558511,-0.623271149694814,297.104657266802
1598358049.861,-0.003,0.903,-0.194368420442995,0.364971677007664,0.948026149175274,-0.62957080748084,297.10364270187
1598358050.111,-0.00267206438653543,0.902672064386536,-0.191688257546142,0.360614377319582,0.990509821134073,-0.640464056701044,297.106366014175
1598358050.361,-0.00236842127277785,0.901631578727222,-0.187157893636111,0.353869559651287,0.982521694015694,-0.645478258818895,297.108652174792
1598358050.611,-0.00214859423907559,0.903128514402311,-0.184,0.343543473551089,0.89882604878251,-0.641673911308296,297.110282609439
1598358050.861,-0.000571999549865723,0.906856000900269,-0.185284001350403,0.336284480645703,0.878896564871179,-0.642112070608897,297.113715519354
1598358051.111,-0.000434959715991196,0.908,-0.189174798579956,0.331435342575137,0.909068979532484,-0.645883622441561,297.118564657425
1598358051.361,-0.00145121966584577,0.908,-0.18884146233908,0.342490326874328,0.916107526231162,-0.659868821628096,297.109780641648
1598358051.611,-0.002,0.908,-0.181469296800903,0.360232256536256,0.913419355070264,-0.678148385522203,297.095264517379
1598358051.861,-0.00144758009857843,0.908,-0.176342740295735,0.357932314623025,0.91069650664683,-0.659347162480199,297.106360261448
1598358052.111,-0.00155823348161879,0.907441766518381,-0.175558233481619,0.351973969447252,0.908572672160466,-0.633869847236258,297.121726679196
1598358052.361,-0.00143319790770787,0.906433197907708,-0.177700406276876,0.349804771888741,0.956295018447704,-0.623023859443704,297.098950104832
1598358052.611,-0.000423386926209493,0.907153226147581,-0.180729839221372,0.351272732339475,0.99381817844035,-0.612818179988523,297.082818186181
1598358052.861,0,0.90859426231911,-0.183782786957329,0.37075325632377,0.98083116245082,-0.605783546327527,297.099593081834
1598358053.111,0,0.91032456203643,-0.189635967127505,0.376521724595466,0.954086921705418,-0.606391314826525,297.114826094393
1598358053.361,0,0.908923998832703,-0.197536003112793,0.35315216131607,0.898108665478029,-0.623239139516321,297.126782615141
1598358053.611,-0.00136220576653935,0.908,-0.202043308649809,0.342307190577949,0.875535952889747,-0.639058829120926,297.126986923341
1598358053.861,-0.000511011892570898,0.909488988107429,-0.207466964322287,0.34503050146843,0.889152507342148,-0.65376470792952,297.114459693245
1598358054.111,-0.00158024795529113,0.91,-0.212160495910582,0.342191396830622,0.958053780575907,-0.652421503616529,297.110692473304
1598358054.361,-0.0035983940741989,0.906004014814503,-0.215397591111298,0.336277417244383,1.05751616452628,-0.642206447967571,297.111767742319
1598358054.611,-0.00320318683093173,0.905,-0.219187252676273,0.336686021805295,1.01113762233689,-0.641686021805295,297.10567741823
1598358054.861,-0.00463114880644121,0.905,-0.219184425596779,0.338836558734013,0.924578510955971,-0.643836558734013,297.097612904747
1598358055.111,-0.00417338692620949,0.905826613073791,-0.219826613073791,0.321347163521328,0.97600217700135,-0.664679037017873,297.099017467026
1598358055.361,-0.00308810564358838,0.905088105643588,-0.221823788712823,0.307,1.0321,-0.6841,297.10015
